0,527
31,5
31,4
0,389
0,400
31,3
31,2
31,1
31,0
30,3
30,2
30,1
30,0
0,435
0,431
0,427
0,399
0,387
26,4
26,3
26,2
26,1
26,0
0,398
0,428
0,426
0,397
0,396
0,395
0,526
0,423
0,525
0,524
0,278
0,9
0,523
0,419
0,415
0,411
0,407
0,392
0,391
0,311
0,310
0,390
0,309
0,307
0,305
0,303
0,301
0,300
0,299
0,298
0,297
0,296
0,295
0,294
0,293
0,292
0,291
0,290
0,289
0,288
0,287
0,286
0,285
0,284
0,283
0,282
0,281
0,280
0,279
0,277
0,274
0,269
13,3
0,4
0,522
14,3
0,268
0,267
0,266
0,265
0,264
0,263
0,262
0,261
0,260
0,259
0,258
0,257
0,256
0,255
0,254
0,253
0,252
0,251
0,250
0,249
0,248
0,247
0,246
0,245
0,244
0,242
0,241
0,240
0,237
0,236
0,235
0,234
0,231
0,230
0,229
0,228
0,227
0,226
0,225
0,222
0,221
0,220
0,219
0,218
0,217
0,216
0,215
0,214
0,211
0,210
0,209
0,208
0,206
